left=-163.239996
right=4244.243486
top=1224.299927
bottom=2943.218485
